Hex file
00: 1111 0000 1111 0000
04: 1111 0000 1111 0000
08: 1111 0000 1111 0000
0c: 1111 0000 1111 0000
10: 1111 0000 1111 0000
14: 1111 0000 1111 0000
18: 1111 0000 1111 0000
1c: 1111 0000 1111 0000
20: 1111 0000 1111 0000
24: 1111 0000 1111 0000
28: 1111 0000 1111 0000
2c: 1111 0000 1111 0000
30: 1111 0000 1111 0000
34: 1111 0000 1111 0000
38: 1111 0000 1111 0000
3c: 1111 0000 1111 0000
40: 1111 0000 1111 0000
44: 1111 0000 1111 0000
48: 1111 0000 1111 0000
4c: 1111 0000 1111 0000
50: 1111 0000 1111 0000
54: 1111 0000 1111 0000
58: 1111 0000 1111 0000
5c: 1111 0000 1111 0000
60: 1111 0000 1111 0000
64: 1111 0000 1111 0000
68: 1111 0000 1111 0000
6c: 1111 0000 1111 0000
70: 1111 0000 1111 0000
74: 1111 0000 1111 0000
78: 1111 0000 1111 0000
7c: 1111 0000 1111 0000
80: 1111 0000 1111 0000